0 20 -279
1 26 -17
2 19 -14
3 53 -2
4 28 -15
5 32 3
6 35 1
7 -3 10
8 10 -5
9 -6 29
10 38 -12
11 22 -5
12 21 -14
13 14 -41
14 32 -21
15 10 -27
16 64 -37
17 27 17
18 -1 -2
19 35 -21
20 29 0
21 71 -13
22 44 11
23 34 -20
24 17 34
25 -3 -26
26 3 19
27 4 61
28 0 14
29 35 10
30 0 9
31 12 25
32 23 -44
33 -5 -9
34 20 0
35 17 70
36 -2 -49
37 59 156
38 91 -62
39 21 22
40 44 -16
41 28 4
42 -6 -2
43 31 0
44 -7 -15
45 26 -21
46 43 -13
47 37 -71
48 74 -21
49 1 19
50 76 -30
51 72 -46
52 18 4
53 6 -19
54 4 50
55 64 -37
56 24 132
57 -4 -21
58 16 -20
59 12 13
60 15 -16
61 -38 -34
62 73 -50
63 1 -19
64 26 12
65 -1 8
66 48 -1
67 26 9
68 6 -18
69 9 19
70 0 29
71 17 83
72 95 -28
73 60 -3
74 -16 7
75 11 -40
76 99 -40
77 34 -18
78 111 -73
79 97 -18
80 65 101
81 3 -144
82 5 -35
83 79 -41
84 9 4
85 3 18
86 0 17
87 87 -99
88 0 -9
89 56 27
90 -2 7
91 -1 0
92 -104 -30
93 36 3
94 3 4
95 -9 13
96 47 -24
97 42 -13
98 76 -35
99 -7 0
100 -27 -8
101 11 64
102 1 17
103 -120 8
104 42 10
105 0 -1
106 2 52
107 -9 -5
108 65 -20
109 49 52
110 216 -170
111 44 34
112 80 -18
113 -10 -5
114 30 -13
115 76 -4
116 17 -46
117 21 2
118 -3 -17
119 -112 32
120 -133 24
121 -135 -27
122 -131 -21
123 -140 35
124 -142 -35
125 -110 12
126 -125 -7
127 -171 0
128 204 143
129 233 66
130 268 -164
131 -3 5
132 -9 -20
133 4 -55
134 -96 -13
135 -81 -3
136 6 -31
137 -87 0
138 -7 9
139 -2 30
140 19 29
141 8 -7
142 -17 -29
143 6 -39
144 32 76
145 -7 -39
146 3 30
147 -92 7
148 -113 -20
149 208 61
150 194 115
151 247 198
152 241 186
153 210 37
154 177 56
155 185 85
156 185 181
157 209 147
158 -107 15
159 3 64
160 -108 -12
161 -88 5
162 -4 -9
163 1 -56
164 75 -52
165 76 -34
166 -100 -12
167 4 51
168 186 -204
169 -6 -11
170 -124 -21
171 -115 25
172 -89 -1
173 -86 0
174 2 5
175 -81 -18
176 225 -83
177 240 -227
178 248 -11
179 325 -41
180 170 -182
181 201 99
182 230 30
183 217 45
184 -13 -21
185 -16 52
186 116 -33
187 35 -43
188 58 -37
189 28 1
190 -103 14
191 25 8
192 21 -29
193 -95 12
194 -112 12
195 -111 2
196 -25 26
197 1 -17
198 -21 -20
199 77 -16
200 3 -125
201 -27 -209
202 10 -7
203 -93 10
204 -77 5
205 -82 0
206 15 -32
207 -4 -245
208 156 -142
209 -69 -147
210 -114 3
211 30 -81
212 -141 -7
213 -96 6
214 270 42
215 77 -34
216 -82 -202
217 8 43
218 95 53
219 45 13
220 -86 6
221 -109 24
222 215 64
223 189 37
224 213 112
225 -120 13
226 -3 -7
227 2 -4
228 144 -228
229 -112 53
230 65 -63
231 49 -28
232 0 6
233 -11 -10
234 73 -15
235 -5 -24
236 -7 16
237 -1 -17
238 81 -33
239 -4 6
240 25 46
241 72 -6
242 -11 0
243 88 -26
244 -134 -35
245 -103 7
246 81 -14
247 -157 -1
248 -111 41
249 -143 0
250 -166 43
251 183 175
252 34 -31
253 248 240
254 27 2
255 13 -7
256 -6 -5
257 61 -26
258 11 79
259 5 -56
260 196 17
261 -156 -20
262 19 13
263 36 -32
264 71 -6
265 74 -22
266 29 0
267 44 1
268 23 8
269 56 4
270 -9 0
271 -16 0
272 67 -23
273 8 8
274 32 -28
275 21 -7
276 -8 0
277 -3 0
278 5 -3
279 -20 -41
280 77 -23
281 80 -24
282 7 145
283 11 5
284 244 -29
285 19 -14
286 -5 -86
287 11 3
288 1 -5
289 36 -16
290 35 -29
291 -8 40
292 -9 26
293 -11 11
294 75 -9
295 81 -32
296 47 -61
297 75 -14
298 -5 -14
299 73 38
300 66 -43
301 74 -35
302 -111 -45
303 0 5
304 -194 -128
305 -163 50
306 -156 -85
307 276 18
308 -109 10
309 95 -8
310 1 -56
311 -26 -44
312 92 -14
313 -4 -9
314 79 -9
315 -13 -15
316 83 -11
317 -4 -21
318 5 4
319 42 10
320 23 -25
321 -144 37
322 -9 19
323 11 -7
324 38 -5
325 185 -166
326 22 -14
327 26 0
328 38 -33
329 61 20
330 72 -14
331 64 -25
332 5 9
333 32 17
334 76 -7
335 7 21
336 22 -9
337 27 28
338 16 -45
339 74 -9
340 26 93
341 11 -13
342 -107 -8
343 -137 39
344 -7 -25
345 30 -35
346 32 -36
347 -75 37
348 -104 8
349 -98 38
350 -124 -23
351 -102 33
352 -405 -185
353 -100 24
354 -123 -18
355 -82 20
356 -121 -15
357 -122 -3
358 -117 -13
359 -104 -2
360 -109 -7
361 -120 -45
362 -145 -21
363 -297 -257
364 -94 10
365 -94 -11
366 -103 -42
367 -74 225
368 -143 121
369 -117 -12
370 -117 -6
371 -232 -94
372 -119 5
373 -119 48
374 -100 31
375 -105 33
376 -108 -2
377 -134 -6
378 -125 35
379 -171 25
380 -123 -2
381 -117 7
382 -128 -60
383 -128 36
384 -59 -2
385 -87 -12
386 -161 14
387 -119 -50
388 -99 21
389 -113 0
390 -127 0
391 -99 -3
392 -93 7
393 -110 8
394 -93 22
395 -86 -19
396 -114 14
397 -123 -34
398 -132 -19
399 -135 34
400 -152 -11
401 -145 43
402 -146 4
403 -133 -48
404 -129 -17
405 -133 -26
406 -110 12
407 -127 -10
408 -107 72
409 -94 -3
410 -113 -28
411 -97 18
412 -249 566
413 -127 -14
414 -139 -38
415 -111 -22
416 -103 36
417 -114 -59
418 -136 -3
419 -89 41
420 -83 -18
421 -119 -34
422 -118 -18
423 -121 0
424 -92 1
425 -100 -12
426 -143 -32
427 -98 21
428 -110 17
429 -84 2
430 -123 53
431 -294 582
432 -146 -46
433 -111 -24
434 -85 0
435 -102 -38
436 -101 29
437 -119 -27
438 -145 -30
439 -112 36
440 -106 6
441 -134 14
442 -113 12
443 -82 -1
444 -143 279
445 -110 34
446 -107 -10
447 -90 -5
448 -76 29
449 -91 7
450 -86 -2
451 -107 7
452 -113 29
453 -136 33
454 -129 8
455 -104 -17
456 -90 22
457 -124 23
458 -120 9
459 -173 -46
460 -7 -327
461 -120 25
462 -126 -81
463 -115 8
464 -194 22
465 -79 17
466 -149 -35
467 -125 -5
468 -100 -31
469 -401 130
470 -109 23
471 -86 23
472 -95 9
473 -110 8
474 -92 7
475 -99 -5
476 -97 -11
477 -86 -12
478 -100 -10
479 -98 9
480 -77 -1
481 -150 1
482 -97 -10
483 -349 157
484 -106 -45
485 -108 49
486 -381 195
487 -97 17
488 -96 15
489 -171 9
490 -54 168
491 -148 0
492 -131 13
493 -156 -32
494 -34 -279
495 -112 4
496 -105 93
497 -114 -23
498 -132 -33
499 -165 -21
500 -91 17
501 -160 -34
502 -149 -54
503 -109 2
504 -194 37
505 -117 -10
506 -95 6
507 -145 -2
508 -105 -2
509 -123 -26
510 -90 7
511 -80 -3
512 -92 -9
513 -106 -5
514 -93 -7
515 -121 -55
516 -154 -11
517 -99 25
518 -107 0
519 -64 8
520 -160 605
521 186 -342
522 -283 -131
523 -68 235
524 -6 488
525 24 52
526 -96 -624
527 32 229
528 -155 -311
529 -5 60
530 17 -112
531 33 2
532 18 3
533 20 -29
534 99 58
535 -9 -14
536 66 8
537 22 27
538 77 -11
539 16 -51
540 55 -76
541 80 -7
542 -37 42
543 13 -22
544 72 -4
545 74 -20
546 66 -8
547 30 1
548 44 -9
549 2 -12
550 26 -39
551 41 -20
552 33 -40
553 46 6
554 84 -16
555 2 -17
556 17 1
557 -5 -13
558 0 36
559 90 -85
560 28 0
561 73 22
562 25 -4
563 -8 -10
564 41 -27
565 13 -13
566 8 -5
567 24 -8
568 -1 16
569 -15 10
570 1 -20
571 71 -30
572 19 -19
573 27 -16
574 16 33
575 20 0
576 47 -29
577 39 -18
578 32 4
579 30 -40
580 30 -17
581 72 -3
582 1 33
583 -10 25
584 83 -9
585 11 -4
586 79 -46
587 -6 -22
588 -10 4
589 11 -30
590 33 -38
591 -12 0
592 -12 -7
593 40 -27
594 13 -78
595 23 -66
596 80 -35
597 55 86
598 14 -12
599 17 -16
600 73 -11
601 87 -24
602 94 -29
603 67 7
604 7 -1
605 59 -43
606 108 -18
607 0 -9
608 0 -38
609 -11 -4
610 18 -13
611 18 -32
612 83 0
613 -6 0
614 -5 226
615 -24 -200
616 46 127
617 21 64
618 -24 -75
619 26 104
620 27 146
621 -20 -234
622 -56 -226
623 8 219
624 -3 147
625 34 192
626 -78 -155
627 -93 -191
628 -8 -183
629 36 180
630 -6 173
631 32 -166
632 -40 175
633 -16 188
634 -57 182
635 -37 -188
636 -83 -182
637 -11 -185
638 -36 -191
639 32 275
640 -63 -218
641 0 -189
642 -46 -183
643 -25 187
644 -57 -216
645 -27 -170
646 -62 -136
647 -65 150
648 -16 159
649 -41 129
650 -63 181
651 -20 201
652 -114 -68
653 -19 -117
654 -68 122
655 -58 195
656 -15 -195
657 -55 -165
658 11 190
659 31 109
660 8 133
661 50 -120
662 49 -133
663 45 129
664 -33 199
665 49 55
666 -60 -249
667 -81 226
668 -87 -201
669 1 104
670 -69 191
671 14 109
672 96 300
673 -31 -200
674 19 132
675 22 215
676 -88 -209
677 19 214
678 45 -48
679 -18 152
680 53 149
681 61 -72
682 -35 -150
683 -84 166
684 -45 230
685 -95 -131
686 -17 -202
687 -52 -149
688 1 -217
689 -25 180
690 -60 189
691 -18 196
692 44 -165
693 -4 116
694 -42 164
695 -2 -199
696 -68 -155
697 -96 578
698 22 80
699 261 -244
700 254 180
701 211 102
702 206 195
703 329 60
704 -326 -63
705 9 -674
706 247 96
707 57 -686
708 270 -40
709 259 -50
710 144 415
711 246 -35
712 -199 654
713 263 2
714 246 3
715 184 150
716 212 -151
717 -161 -217
718 162 -723
719 285 -3
720 185 -192
721 229 16
722 218 -170
723 286 -62
724 318 -46
725 153 192
726 243 -122
727 207 59
728 203 167
729 213 190
730 179 37
731 199 17
732 201 22
733 197 34
734 200 189
735 198 58
736 195 38
737 195 52
738 172 58
739 255 56
740 210 34
741 190 57
742 196 -12
743 189 57
744 221 63
745 185 112
746 161 204
747 200 26
748 -68 -249
749 -35 -697
750 223 -2
751 199 -153
752 188 -114
753 240 15
754 -22 -694
755 200 245
756 469 66
757 266 10
758 212 -101
759 185 -136
760 234 -122
761 208 251
762 227 -119
763 231 -165
764 244 -52
765 245 38
766 210 -193
767 325 -65
768 118 239
769 261 -131
770 263 13
771 181 -135
772 136 -281
773 246 -19
774 231 86
775 266 -113
776 314 -660
777 255 59
778 85 -720
779 262 14
780 158 -233
781 156 -309
782 295 18
783 229 -139
784 265 629
785 198 32
786 278 -49
787 355 -40
788 198 -205
789 264 -126
790 217 -158
791 218 -115
792 187 61
793 230 -199
794 296 26
795 280 0
796 161 -206
797 208 -145
798 333 22
799 362 0
800 338 -58
801 -54 311
802 295 -68
803 253 -231
804 174 149
805 235 -262
806 245 -203
807 177 32
808 181 62
809 327 14
810 285 32
811 207 -171
812 250 -28
813 176 39
814 215 119
815 269 -24
816 125 -238
817 141 -200
818 279 -166
819 215 -126
820 189 -227
821 272 -159
822 294 -30
823 279 -147
824 249 -210
825 223 -189
826 144 -192
827 208 -153
828 257 -201
829 207 -173
830 265 -84
831 202 -176
832 227 -134
833 216 79
834 239 -34
835 230 -172
836 244 3
837 179 149
838 185 -258
839 254 -211
840 191 -243
841 295 -180
842 267 -142
843 211 -151
844 257 -135
845 243 -132
846 280 -185
847 226 -219
848 299 -118
849 200 -231
850 260 -114
851 313 -166
852 394 26
853 287 -16
854 291 41
855 206 -180
856 246 -41
857 200 -155
858 225 -131
859 179 -171
860 205 -143
861 151 -166
862 252 -15
863 181 -178
864 257 22
865 87 -11
866 -4 -12
867 24 8
868 11 -19
869 4 -5
870 76 -13
871 -12 0
872 71 -14
873 20 -21
874 47 -15
875 26 3
876 85 -17
877 36 -7
878 8 50
879 15 -8
880 -6 -12
881 22 -9
882 -10 -47
883 98 -37
884 -3 -7
885 12 32
886 90 -41
887 4 25
888 5 -4
889 82 -24
890 28 -3
891 62 -37
892 15 -31
893 -11 1
894 -3 -10
895 25 11
896 50 73
897 17 11
898 18 47
899 46 -29
900 -13 -27
901 87 -14
902 29 -9
903 19 -25
904 -2 6
905 43 -70
906 26 -20
907 45 -6
908 21 -14
909 18 -37
910 -7 29
911 -7 -25
912 -10 1
913 4 10
914 5 -35
915 -13 1
916 68 -12
917 20 -27
918 -6 33
919 39 7
920 13 -10
921 30 -7
922 78 -34
923 82 4
924 -13 -2
925 33 105
926 43 -24
927 54 1
928 -22 -45
929 4 41
930 17 21
931 34 10
932 2 15
933 4 -22
934 -5 -43
935 11 -4
936 -22 -77
937 27 92
938 18 60
939 -7 -41
940 18 3
941 40 -10
942 23 -20
943 7 -8
944 -2 29
945 47 -55
946 21 -6
947 -10 31
948 22 -10
949 -8 5
950 29 14
951 15 -3
952 97 3
953 75 -53
954 -13 -15
955 42 -60
956 77 -48
957 26 -19
958 76 -25
959 71 -43
960 -31 -42
961 111 -72
962 4 -41
963 38 1
964 85 -103
965 59 -66
966 36 -38
967 -17 -7
968 90 -20
969 9 -50
970 11 -18
971 -14 -18
972 21 12
973 -1 2
974 24 -9
975 -18 41
976 20 -26
977 62 -21
978 63 -50
979 87 -19
980 28 1
981 2 -21
982 17 13
983 -6 -8
984 58 -41
985 19 16
986 -2 -15
987 16 21
988 78 15
989 14 -12
990 2 -74
991 84 -87
992 34 44
993 -13 1
994 69 -22
995 35 -14
996 10 -115
997 20 -16
998 19 -10
999 80 -683
1000 38 -6
1001 12 -2
1002 80 -14
1003 42 -19
1004 44 61
1005 82 3
1006 -4 12
1007 -16 11
1008 32 -38
1009 74 -35
1010 -24 -20
1011 18 -24
1012 19 -33
1013 77 -16
1014 40 -8
1015 31 -11
1016 47 53
1017 66 3
1018 46 -54
1019 43 -63
1020 16 -17
1021 32 0
1022 63 86
1023 86 -51
1024 25 1
1025 74 -33
1026 34 -25
1027 17 14
1028 41 -23
1029 35 -25
1030 -4 11
1031 5 17
1032 4 30
1033 14 -20
1034 71 -6
1035 12 28
1036 66 -31
1037 9 -24
1038 25 9
1039 26 -35
1040 48 6
1041 41 -17
1042 73 -5
1043 9 -32
1044 -4 -10
1045 64 -41
1046 80 -19
1047 27 -1
1048 9 9
1049 38 20
1050 58 -35
1051 102 -35
1052 8 -29
1053 27 51
1054 12 -7
1055 34 -67
1056 69 0
1057 6 -91
1058 12 24
1059 46 2
1060 29 -25
1061 45 1
1062 32 -6
1063 0 -4
1064 -9 5
1065 97 -34
1066 54 -12
1067 -4 -8
1068 -1 7
1069 -8 6
1070 88 -102
1071 0 -16
1072 0 -24
1073 27 -5
1074 80 -37
1075 -17 -68
1076 12 -7
1077 -9 -17
1078 37 -95
1079 6 -16
1080 75 -30
1081 23 -20
1082 6 28
1083 3 -20
1084 45 27
1085 -12 -2
1086 -81 -235
1087 34 -22
1088 -6 1
1089 -11 9
1090 -7 -16
1091 155 506
1092 10 34
1093 -9 -44
1094 24 -24
1095 -197 -261
1096 8 20
1097 -3 -36
1098 4 -67
1099 74 -52
1100 5 181
1101 25 -11
1102 -10 -3
1103 -11 25
1104 15 39
1105 9 16
1106 78 -17
1107 86 -45
1108 72 -19
1109 74 -29
1110 32 -12
1111 79 -10
1112 30 -47
1113 -24 -34
1114 20 -15
1115 233 -335
1116 76 -35
1117 39 -15
1118 21 7
1119 -2 2
1120 -10 0
1121 -54 -15
1122 74 -39
1123 -4 -24
1124 5 -16
1125 14 -18
1126 48 6
1127 17 -5
1128 -6 -11
1129 0 16
1130 34 -19
1131 26 -14
1132 -9 45
1133 -53 -25
1134 18 2
1135 -13 -3
1136 7 -20
1137 68 -18
1138 68 -21
1139 -3 -13
1140 -11 -1
1141 1 -41
1142 -12 29
1143 30 2
1144 25 -11
1145 22 -24
1146 31 -35
1147 13 6
1148 2 -26
1149 19 10
1150 5 -9
1151 35 19
1152 -12 -9
1153 66 -54
1154 41 -5
1155 -5 21
1156 16 -17
1157 91 -91
1158 122 3
1159 0 -6
1160 40 -1
1161 14 -16
1162 -8 22
1163 44 -4
1164 52 2
1165 -9 -125
1166 76 -32
1167 2 20
1168 17 -20
1169 41 -22
1170 98 5
1171 39 -26
1172 14 -28
1173 0 4
1174 -20 13
1175 -2 -27
1176 26 10
1177 5 -56
1178 97 -43
1179 23 -65
1180 74 -47
1181 -7 7
1182 0 1
1183 69 -36
1184 89 -44
1185 -5 5
1186 24 -22
1187 18 -28
1188 19 -33
1189 6 -22
1190 21 -14
1191 -9 -1
1192 41 -39
1193 80 -2
1194 41 -40
1195 28 -30
1196 17 -14
1197 43 -54
1198 88 -43
1199 63 -32
1200 15 -9
1201 -21 -7
1202 -14 8
1203 5 51
1204 -9 -44
1205 72 -40
1206 60 0
1207 74 -22
1208 77 -21
1209 32 -23
1210 -9 -25
1211 -10 4
1212 20 -11
1213 -2 8
1214 84 0
1215 -7 -47
1216 79 -33
1217 63 -14
1218 41 -18
1219 75 -16
1220 22 -14
1221 15 4
1222 1 -18
1223 14 -40
1224 14 -24
1225 20 -36
1226 20 -58
1227 -15 -45
1228 26 -9
1229 137 -104
1230 15 -24
1231 88 -32
1232 -16 -8
1233 16 6
1234 -39 -21
1235 4 -21
1236 15 -39
1237 60 -55
1238 14 1
1239 -34 -699
1240 62 -27
1241 23 11
1242 37 -17
1243 88 -19
1244 16 33
1245 -21 -37
1246 77 -12
1247 38 1
1248 5 92
1249 -20 -11
1250 15 -10
1251 -50 207
1252 24 18
1253 237 33
1254 215 61
1255 183 55
1256 196 25
1257 219 71
1258 188 43
1259 186 24
1260 228 7
1261 198 49
1262 201 46
1263 185 67
1264 264 -52
1265 192 45
1266 215 34
1267 197 45
1268 216 13
1269 185 20
1270 190 42
1271 187 49
1272 182 11
1273 250 46
1274 254 -31
1275 190 66
1276 237 -71
1277 191 35
1278 181 52
1279 231 54
1280 227 117
1281 197 52
1282 200 82
1283 235 23
1284 227 41
1285 204 48
1286 216 52
1287 191 56
1288 217 7
1289 211 37
1290 341 9
1291 316 4
1292 185 47
1293 209 20
1294 201 55
1295 195 49
1296 194 -129
1297 193 -174
1298 200 -2
1299 182 51
1300 178 49
1301 208 6
1302 214 44
1303 212 1
1304 166 110
1305 185 70
1306 202 34
1307 193 14
1308 177 25
1309 197 19
1310 183 46
1311 202 55
1312 214 6
1313 251 -14
1314 252 36
1315 169 56
1316 224 64
1317 215 22
1318 172 0
1319 -101 34
1320 -98 9
1321 -130 25
1322 -148 20
1323 -77 -20
1324 -164 -28
1325 -57 587
1326 -109 -15
1327 -153 20
1328 -187 -68
1329 -101 6
1330 -97 -1
1331 -122 -20
1332 -93 208
1333 -149 -6
1334 -419 133
1335 -94 0
1336 -123 9
1337 -142 -9
1338 -113 64
1339 -163 -85
1340 -84 -21
1341 -258 -257
1342 -101 -58
1343 -121 20
1344 -79 -19
1345 -104 -2
1346 -232 -36
1347 -150 42
1348 -152 63
1349 -112 -1
1350 -84 -1
1351 -92 16
1352 -70 -10
1353 -114 -49
1354 -122 74
1355 -141 22
1356 -117 -10
1357 -368 -90
1358 -113 4
1359 -125 20
1360 -102 -27
1361 -130 23
1362 -306 -614
1363 -108 -10
1364 -101 16
1365 -153 14
1366 -109 23
1367 -85 -17
1368 -116 25
1369 -124 -31
1370 -187 -37
1371 -350 206
1372 -95 -16
1373 -242 -32
1374 -87 22
1375 -192 -4
1376 -167 52
1377 -132 11
1378 -104 32
1379 -159 52
1380 -98 -21
1381 -83 -5
1382 -187 32
1383 -129 10
1384 -129 -17
1385 -168 84
1386 -101 -78
1387 -119 -3
1388 -113 7
1389 -93 4
1390 -130 10
1391 -113 46
1392 -128 16
1393 -97 16
1394 -98 -1
1395 -86 -11
1396 -143 -20
1397 -120 -61
1398 -118 233
1399 -94 0
1400 -120 21
1401 -142 21
1402 -98 11
1403 -122 -27
1404 -105 -23
1405 -169 -407
1406 -109 -124
1407 -212 336
1408 -271 92
1409 -54 159
1410 -139 -185
1411 -139 -4
1412 -118 -25
1413 -130 -8
1414 -104 -43
1415 -140 -60
1416 -106 23
1417 -135 -84
1418 -107 -14
1419 -114 25
1420 -85 14
1421 -141 -22
1422 -126 25
1423 -131 -8
1424 -104 -12
1425 -129 -17
1426 -241 -6
1427 -191 35
1428 -103 -8
1429 -127 -12
1430 -93 1
1431 -244 110
1432 -153 105
1433 -138 -28
1434 -122 -20
1435 -126 28
1436 -105 -43
1437 -119 -5
1438 -126 -11
1439 -114 15
1440 -142 -3
1441 -88 17
1442 -146 -6
1443 -132 -51
1444 -117 4
1445 -57 36
1446 -95 -4
1447 -131 20
1448 -86 -9
1449 -122 -9
1450 -92 -30
1451 -135 -73
1452 -152 20
1453 -95 22
1454 -147 -14
1455 11 547
1456 -3 -39
1457 3 -2
1458 71 -16
1459 -4 -6
1460 -15 -9
1461 82 -37
1462 96 -20
1463 -6 -33
1464 64 -41
1465 19 -12
1466 21 49
1467 78 -15
1468 68 -30
1469 15 0
1470 2 10
1471 12 -29
1472 27 -57
1473 10 -7
1474 -6 -7
1475 81 -13
1476 5 -42
1477 12 -40
1478 -5 5
1479 -1 2
1480 16 -14
1481 31 20
1482 27 8
1483 60 8
1484 25 -26
1485 80 -29
1486 24 -45
1487 46 1
1488 45 -7
1489 50 -12
1490 -6 -10
1491 -8 4
1492 24 -43
1493 32 142
1494 -12 -4
1495 50 -34
1496 28 -30
1497 14 -18
1498 4 -79
1499 -21 12
1500 60 -46
1501 78 -40
1502 8 16
1503 -13 -1
1504 19 -30
1505 29 -16
1506 33 2
1507 43 20
1508 2 -15
1509 35 64
1510 53 -17
1511 18 -25
1512 91 -25
1513 21 -21
1514 22 30
1515 42 -16
1516 26 -10
1517 -12 -10
1518 52 -21
1519 10 -9
1520 98 -49
1521 10 -14
1522 43 -23
1523 45 35
1524 -9 -13
1525 88 -21
1526 73 8
1527 104 -77
1528 87 -31
1529 33 18
1530 -12 -41
1531 17 -30
1532 46 -10
1533 25 18
1534 6 29
1535 -6 -4
1536 -6 -5
1537 18 6
1538 59 15
1539 60 -35
1540 7 3
1541 16 9
1542 47 -11
1543 71 -74
1544 6 -12
1545 84 -44
1546 44 -31
1547 0 12
1548 20 -103
1549 67 -24
1550 23 -10
1551 1 2
1552 19 6
1553 89 -6
1554 -15 149
1555 18 -13
1556 -233 -26
1557 8 -26
1558 -2 110
1559 -9 -3
1560 211 567
1561 -236 -561
1562 58 -40
1563 74 -29
1564 46 7
1565 84 -33
1566 6 15
1567 66 -31
1568 18 -11
1569 82 45
1570 -15 20
1571 24 -25
1572 74 -21
1573 -7 9
1574 5 -19
1575 74 -39
1576 32 -13
1577 0 -13
1578 -4 1
1579 78 -79
1580 -24 -3
1581 24 -16
1582 39 -32
1583 71 -30
1584 64 -28
1585 17 -15
1586 0 16
1587 76 2
1588 25 -23
1589 71 -22
1590 70 19
1591 29 -28
1592 -3 4
1593 22 17
1594 15 -41
1595 9 -22
1596 -33 -7
1597 26 -33
1598 3 -75
1599 48 3
1600 29 -59
1601 -16 0
1602 18 -1
1603 12 9
1604 76 -17
1605 5 13
1606 3 8
1607 9 -6
1608 30 -31
1609 43 -26
1610 40 -25
1611 77 -32
1612 25 3
1613 -95 -10
1614 -108 -34
1615 -116 3
1616 -86 14
1617 -135 20
1618 -114 15
1619 -140 -14
1620 -123 -58
1621 -95 24
1622 -102 20
1623 -158 -25
1624 -149 -40
1625 -131 81
1626 -70 -34
1627 -85 8
1628 -96 41
1629 -143 14
1630 -139 17
1631 -195 -44
1632 -191 -80
1633 -95 -68
1634 -160 -17
1635 -94 -23
1636 -193 -43
1637 -118 23
1638 -112 39
1639 -163 -95
1640 -138 -4
1641 -178 98
1642 -84 -9
1643 -119 -12
1644 -97 34
1645 -96 -31
1646 -154 21
1647 -172 72
1648 -156 40
1649 207 22
1650 196 36
1651 209 36
1652 211 11
1653 197 4
1654 221 58
1655 226 14
1656 192 43
1657 205 83
1658 205 40
1659 178 40
1660 193 46
1661 190 22
1662 180 41
1663 -9 1
1664 2 31
1665 1 24
1666 28 -10
1667 15 -27
1668 -10 -8
1669 44 -7
1670 1 -36
1671 18 -17
1672 9 -11
1673 26 0
1674 -8 32
1675 10 38
1676 41 6
1677 8 28
1678 90 10
1679 -2 0
1680 70 -43
1681 -2 -6
1682 0 0
1683 -1 -12
1684 47 -8
1685 -131 0
1686 -139 15
1687 186 21
1688 185 49
1689 214 25
1690 208 6
1691 189 29
1692 202 37
1693 201 43
1694 198 30
1695 184 32
1696 197 20
1697 189 32
1698 283 106
1699 251 -60
1700 279 61
1701 -89 -6
1702 -82 4
1703 -136 -8
1704 -4 -3
1705 72 -72
1706 12 27
1707 -1 20
1708 90 -29
1709 32 -28
1710 23 106
1711 0 -18
1712 -16 -59
1713 -6 14
1714 7 19
1715 26 18
1716 47 1
1717 0 3
1718 20 -28
1719 -22 -96
1720 30 2
1721 -20 -58
1722 32 24
1723 -1 -6
1724 90 -26
1725 -10 22
1726 11 -69
1727 18 0
1728 23 17
1729 47 -5
1730 12 -25
1731 22 2
1732 81 -17
1733 40 -17
1734 52 197
1735 158 -162
1736 21 30
1737 -126 31
1738 -113 7
1739 -125 -38
